size 8 16
0 0 0
1 1 0
2 2 0
3 3 0
4 4 0
5 5 0
6 6 0
7 7 0
8 8 0
9 9 0
A 10 0
B 11 0
C 12 0
D 13 0
E 14 0
F 15 0
G 16 0
H 17 0
I 18 0
J 19 0
K 20 0
L 21 0
M 22 0
N 23 0
O 24 0
P 25 0
Q 26 0
R 27 0
S 28 0
T 29 0
U 30 0
V 31 0
W 32 0
X 33 0
Y 34 0
Z 35 0
* 36 0
a 0 1
b 1 1
c 2 1
d 3 1
e 4 1
f 5 1
g 6 1
h 7 1
i 8 1
j 9 1
k 10 1
l 11 1
m 12 1
n 13 1
o 14 1
p 15 1
q 16 1
r 17 1
s 18 1
t 19 1
u 20 1
v 21 1
w 22 1
x 23 1
y 24 1
z 25 1
= 0 4
: 1 4
% 2 4
? 3 4
+ 4 4
- 7 4
! 8 4
\sp 9 4
\ds 10 4
& 11 4
, 12 4
. 14 4
' 17 4
" 18 4
~ 19 4
/ 20 4
( 21 4
) 22 4