size 8 10
A 0 0
B 1 0
C 2 0
D 3 0
E 4 0
F 5 0
G 6 0
H 7 0
I 8 0
J 9 0
K 10 0
L 11 0
M 12 0
N 13 0
O 14 0
P 15 0
Q 16 0
R 17 0
S 18 0
T 19 0
U 20 0
V 21 0
W 22 0
X 23 0
Y 24 0
Z 25 0
a 0 0
b 1 0
c 2 0
d 3 0
e 4 0
f 5 0
g 6 0
h 7 0
i 8 0
j 9 0
k 10 0
l 11 0
m 12 0
n 13 0
o 14 0
p 15 0
q 16 0
r 17 0
s 18 0
t 19 0
u 20 0
v 21 0
w 22 0
x 23 0
y 24 0
z 25 0
* 26 0
! 0 1
" 1 1
# 2 1
$ 3 1
% 4 1
& 5 1
' 6 1
( 7 1
) 8 1
* 9 1
+ 10 1
, 11 1
- 12 1
. 13 1
/ 14 1
0 15 1
1 16 1
2 17 1
3 18 1
4 19 1
5 20 1
6 21 1
7 22 1
8 23 1
9 24 1
: 25 1
; 26 1
< 0 2
= 1 2
> 2 2
? 3 2